  2.109213  -0.462518  -0.000000   0.011035   0.106040  -0.021069   -0.014416
 -0.462518   2.036098   0.000000  -0.080231  -0.585907  -0.083222   -0.057272
 -0.000000   0.000000   2.000000  -0.000000   0.000000   0.000000   -0.000000
  0.011035  -0.080231  -0.000000   0.776483   0.041255   0.581820   -0.536403
  0.106040  -0.585907   0.000000   0.041255   1.112949   0.449518    0.536528
 -0.021069  -0.083222   0.000000   0.581820   0.449518   0.616292   -0.167947
 -0.014416  -0.057272  -0.000000  -0.536403   0.536528  -0.167947    0.677596
