-20.212417  -5.161594  -0.000000   0.005385  -0.029614  -1.194703 -1.511631
 -5.161594  -2.456082  -0.000000   0.045837  -0.133389  -1.023166 -1.202891
 -0.000000  -0.000000  -0.387801   0.000000   0.000000  -0.000000 -0.000000
  0.005385   0.045837   0.000000  -0.378359   0.027674  -0.380570  0.474284
 -0.029614  -0.133389   0.000000   0.027674  -0.366605  -0.365595 -0.315395
 -1.194703  -1.023166  -0.000000  -0.380570  -0.365595  -0.567958 -0.419010
 -1.511631  -1.202891  -0.000000   0.474284  -0.315395  -0.419010 -0.723518
