-20.251894  -5.164781   0.000000  -0.004714  -0.027676  -1.196252   -0.871896
 -5.164781  -2.434898   0.000000  -0.038024  -0.107463  -1.024216   -0.820488
  0.000000   0.000000  -0.394365  -0.000000  -0.000000  -0.000000    0.000000
 -0.004714  -0.038024  -0.000000  -0.280119  -0.037384  -0.410360    0.314126
 -0.027676  -0.107463  -0.000000  -0.037384  -0.316322  -0.365191   -0.378471
 -1.196252  -1.024216  -0.000000  -0.410360  -0.365191  -0.587203   -0.353771
 -0.871896  -0.820488   0.000000   0.314126  -0.378471  -0.353771   -0.432526
