 -11.086684  -2.975369   0.000000  -0.022630   0.022630  -0.000689    -0.559158  -0.000000   0.649341  -0.649341
  -2.975369  -1.624152   0.000000  -0.224991   0.224991  -0.959921    -1.063942   0.000000   0.533845  -0.533845
   0.000000   0.000000  -0.037311  -0.000000  -0.000000  -0.000000     0.000000  -0.412216   0.000000   0.000000
  -0.022630  -0.224991  -0.000000  -0.344166   0.306853  -1.145718    -0.837917  -0.000000   0.043033  -0.455249
   0.022630   0.224991  -0.000000   0.306853  -0.344166   1.145718     0.837917  -0.000000  -0.455249   0.043033
  -0.000689  -0.959921  -0.000000  -1.145718   1.145718 -20.406889    -5.200182   0.000000   0.020629  -0.020629
  -0.559158  -1.063942   0.000000  -0.837917   0.837917  -5.200182    -2.598485  -0.000000   0.177737  -0.177737
  -0.000000   0.000000  -0.412216  -0.000000  -0.000000   0.000000    -0.000000  -0.381668   0.000000   0.000000
   0.649341   0.533845   0.000000   0.043033  -0.455249   0.020629     0.177737   0.000000  -0.537246   0.155581
  -0.649341  -0.533845   0.000000  -0.455249   0.043033  -0.020629    -0.177737   0.000000   0.155581  -0.537246
