-32.653131  -7.596760   0.000000  -0.003989  -0.018108  -1.746365  -1.269703
 -7.596760  -9.271670   0.000000  -0.043286  -0.216767  -3.728480  -2.977159
  0.000000   0.000000  -7.405563   0.000000   0.000000   0.000000   0.000000
 -0.003989  -0.043286   0.000000  -7.527898  -0.014660  -2.033030   1.491590
 -0.018108  -0.216767   0.000000  -0.014660  -7.500000  -1.642050  -1.622295
 -1.746365  -3.728480   0.000000  -2.033030  -1.642050  -5.074032  -1.492671
 -1.269703  -2.977159   0.000000   1.491590  -1.622295  -1.492671  -4.608594
