-20.232906  -5.163069  -0.000000  -0.000000  -0.029422  -1.195532   -1.195532
 -5.163069  -2.446040  -0.000000   0.000000  -0.127000  -1.024523   -1.024524
 -0.000000  -0.000000  -0.391250  -0.000000   0.000000  -0.000000   -0.000000
 -0.000000   0.000000  -0.000000  -0.319146   0.000000  -0.395901    0.395901
 -0.029422  -0.127000   0.000000   0.000000  -0.351733  -0.367932   -0.367933
 -1.195532  -1.024523  -0.000000  -0.395901  -0.367932  -0.578782   -0.393885
 -1.195532  -1.024524  -0.000000   0.395901  -0.367933  -0.393885   -0.578782
