  2.117273  -0.444717  -0.000000   0.099179  -0.099179   0.011503   -0.002756   0.000000   0.082188  -0.082188
 -0.444717   1.863253   0.000000  -0.498935   0.498935   0.020134   -0.270048   0.000000  -0.088206   0.088206
 -0.000000   0.000000   0.397166   0.000000   0.000000   0.000000   -0.000000   0.707824  -0.000000  -0.000000
  0.099179  -0.498935   0.000000   0.560709  -0.163538  -0.049024    0.081545   0.000000   0.023664   0.684163
 -0.099179   0.498935   0.000000  -0.163538   0.560709   0.049024   -0.081545   0.000000   0.684163   0.023664
  0.011503   0.020134   0.000000  -0.049024   0.049024   2.110544   -0.457986  -0.000000  -0.058345   0.058345
 -0.002756  -0.270048  -0.000000   0.081545  -0.081545  -0.457986    2.019665   0.000000   0.359816  -0.359816
  0.000000   0.000000   0.707824   0.000000   0.000000  -0.000000    0.000000   1.261474  -0.000000  -0.000000
  0.082188  -0.088206  -0.000000   0.023664   0.684163  -0.058345    0.359816  -0.000000   1.250606   0.010862
 -0.082188   0.088206  -0.000000   0.684163   0.023664   0.058345   -0.359816  -0.000000   0.010862   1.250606
