 2.102749  -0.424255   0.000000  -0.009591   0.106211  -0.038684 -0.044594
-0.424255   1.867560  -0.000000   0.077166  -0.618532   0.029501  0.005590
 0.000000  -0.000000   2.000000  -0.000000  -0.000000   0.000000  0.000000
-0.009591   0.077166  -0.000000   0.727979  -0.074649   0.486144 -0.548583
 0.106211  -0.618532  -0.000000  -0.074649   1.376049   0.492647  0.391409
-0.038684   0.029501   0.000000   0.486144   0.492647   0.570470 -0.203600
-0.044594   0.005590   0.000000  -0.548583   0.391409  -0.203600  0.524518
