-21.457375  -5.196006   0.000000  -0.086748   0.086748  -0.000247    -0.966788   0.000000   1.131158  -1.131158  
 -5.196006  -8.332471   0.000000  -0.909217   0.909217  -1.466824    -4.201897   0.000000   2.491591  -2.491591
  0.000000   0.000000  -6.976120   0.000000   0.000000   0.000000     0.000000  -2.032214   0.000000   0.000000
 -0.086748  -0.909217   0.000000  -7.438026   0.461906  -1.758446    -3.628544   0.000000   0.663594  -2.695808
  0.086748   0.909217   0.000000   0.461906  -7.438026   1.758446     3.628544   0.000000  -2.695808   0.663594
 -0.000247  -1.466824   0.000000  -1.758446   1.758446 -34.387072    -8.007190   0.000000   0.045989  -0.045989
 -0.966788  -4.201897   0.000000  -3.628544   3.628544  -8.007190   -11.005134   0.000000   0.566278  -0.566278
  0.000000   0.000000  -2.032214   0.000000   0.000000   0.000000     0.000000  -9.047639   0.000000   0.000000
  1.131158   2.491591   0.000000   0.663594  -2.695808   0.045989     0.566278   0.000000  -9.291116   0.243477
 -1.131158  -2.491591   0.000000  -2.695808   0.663594  -0.045989    -0.566278   0.000000   0.243477  -9.291116
