  2.106255  -0.446012   0.000000   0.000000   0.108586  -0.028444      -0.028445
 -0.446012   1.967245  -0.000000  -0.000001  -0.617753  -0.034033      -0.034032
  0.000000  -0.000000   2.000000   0.000000  -0.000000  -0.000000       0.000000
  0.000000  -0.000001   0.000000   0.735559  -0.000000   0.539735      -0.539734
  0.108586  -0.617753  -0.000000  -0.000000   1.240333   0.472670       0.472671
 -0.028444  -0.034033  -0.000000   0.539735   0.472670   0.600856      -0.191232
 -0.028445  -0.034032   0.000000  -0.539734   0.472671  -0.191232       0.600855

